********************************************************************************
                    BULLETIN DE NOTES
********************************************************************************
ASSIN     0965 1000 0725 0675 1300 1100 0950
BONOT     1218 1150 1300 1600 1000 1200 1000
HOMALY    1382 1000 1100 1550 1800 1450 1000
INGALE    1071 1500 0900 0875 1400 0650 1000
INNIC     1071 1500 0900 0875 1400 0650 1000
MANTORT   1447 1000 1100 1875 1775 1250 1100
OCHAN     0622 0450 0650 0325 0650 0925 0875
********************************************************************************
                     Fin de rapport
